  0.34152271447504884        2.7013490443671637       0.12500000000000000                0
   1.5140072734299712       0.58476885958279556       0.12500000000000000                0
  0.16350030409562755       0.15001621347042293       0.12500000000000000                1
   5.1967769435051415E-002   2.3349274683953447       0.12500000000000000                0
   2.8518335223197937        2.4097048044204712       0.12500000000000000                0
   2.1737449765205383       0.11333441734313965       0.12500000000000000                0
   2.3914407491683960        1.9203352332115173       0.12500000000000000                0
   1.6575108483307246        1.7532050291444232       0.12500000000000000                0
  0.21984764755120381        1.6509379288565145       0.12500000000000000                0
   7.0791178701889557E-002  0.23705627880702160       0.12500000000000000                1
   1.3093502378298176        2.4503812224086787       0.12500000000000000                0
   1.5412762972990026       0.22042281904429761       0.12500000000000000                0
   2.8196491599082947       0.77509295940399170       0.12500000000000000                0
  0.34502101936205115        1.9024342064737907       0.12500000000000000                0
  0.20743833137331139       0.64568066734958407       0.12500000000000000                0
  0.76239997479650734        2.1926989671256809       0.12500000000000000                0
   3.7845950855149169        3.8794492814275938       0.12500000000000000                0
   1.7671136061350505        2.9295891854498119       0.12500000000000000                0
   3.2796905438105264        3.2778207063674927       0.12500000000000000                0
   2.2058282494544983        2.5227312975459628       0.12500000000000000                0
   2.8960760103331671        2.9197218947940402       0.12500000000000000                0
   1.7810957166883681        3.8964821034007602       0.12500000000000000                0
   10.489462713400522        2.6511378751860724       0.12500000000000000                0
   1.9337505698204041       0.98021113872528076       0.12500000000000000                0
   10.593619995647007        17.025003724628021       0.12500000000000000                0
   14.034212172031403        140.31930263837179       0.12500000000000000                0
   168.82836371660233        383.18880081176758       0.12500000000000000                0
   45.935414493083954        396.21542394161224       0.12500000000000000                0
   226.82296019792557        261.87497979402542       0.12500000000000000                0
   947.30843037366867        595.61690646409988       0.12500000000000000                0
