   3.4173429012298584        7.4072921276092529       0.25000000000000000               13
   3.4387230873107910        9.8602455854415894       0.25000000000000000                8
   3.4691190719604492       0.76135337352752686       0.25000000000000000               13
   9.1147428750991821        7.7425521612167358       0.25000000000000000                8
   3.3647942543029785        1.2146294116973877       0.25000000000000000               13
   1.9246339797973633        5.8530241250991821       0.25000000000000000               16
   6.9683176279067993        2.4121832847595215       0.25000000000000000                8
   1.8007487058639526        8.7273055315017700       0.25000000000000000                9
   1.3789480924606323        5.2129632234573364       0.25000000000000000               18
   2.5666165351867676        4.7143840789794922       0.25000000000000000               16
   5.9118479490280151        3.1470048427581787       0.25000000000000000                8
   3.1638658046722412        1.3607257604598999       0.25000000000000000               13
   6.1685317754745483        8.3880704641342163       0.25000000000000000               14
   4.4490915536880493        8.9815831184387207       0.25000000000000000               13
   1.8318420648574829        5.2296864986419678       0.25000000000000000               18
   5.6777858734130859        5.0443345308303833       0.25000000000000000                8
   5.8321070671081543        9.6367597579956055E-002  0.25000000000000000                5
   6.9994819164276123       0.92318236827850342       0.25000000000000000                6
  0.84165871143341064        7.1455085277557373       0.25000000000000000                8
   5.2773398160934448        3.4315818548202515       0.25000000000000000                7
   5.1112651824951172        3.1910753250122070       0.25000000000000000                7
  0.39353668689727783        8.4007304906845093       0.25000000000000000                5
   9.3826824426651001        7.9935222864151001       0.25000000000000000                8
   1.2979334592819214        6.6039484739303589       0.25000000000000000               10
   3.9839786291122437        2.5064945220947266       0.25000000000000000               11
   4.8866999149322510        9.6282136440277100       0.25000000000000000               10
   1.8116831779479980        5.2667433023452759       0.25000000000000000               17
   3.0812722444534302        4.5114159584045410       0.25000000000000000               13
   8.4313291311264038        7.0137727260589600       0.25000000000000000                9
   9.2625218629837036        5.3608262538909912       0.25000000000000000                3
   6.3228422403335571        8.2180964946746826       0.25000000000000000               11
   2.7140986919403076       0.48420011997222900       0.25000000000000000               10
   1.0752034187316895        7.3251122236251831       0.25000000000000000                9
   4.1637384891510010        7.6075816154479980       0.25000000000000000               12
  0.38601219654083252       0.14558076858520508       0.25000000000000000                5
   3.2013493776321411        4.5484673976898193       0.25000000000000000               12
   9.1732323169708252        3.7934875488281250       0.25000000000000000                3
  0.89821517467498779        2.8694170713424683       0.25000000000000000               13
   8.9525359869003296        9.5251858234405518       0.25000000000000000                6
   8.4326332807540894        4.2895102500915527       0.25000000000000000                5
   1.0046589374542236        9.5479625463485718       0.25000000000000000                4
   7.2105854749679565        5.5421030521392822       0.25000000000000000                7
   4.7743213176727295        8.1967616081237793       0.25000000000000000               14
   4.2526942491531372       0.79100191593170166       0.25000000000000000               13
   5.0769639015197754        6.8575143814086914       0.25000000000000000               11
   9.1108685731887817        9.7349804639816284       0.25000000000000000                6
   2.2431290149688721       0.15102088451385498       0.25000000000000000               11
   6.6544973850250244        9.8590749502182007       0.25000000000000000                5
   8.0137383937835693        9.1474962234497070       0.25000000000000000               11
   1.1086905002593994        7.7210968732833862       0.25000000000000000                8
   4.9709856510162354        5.8069014549255371       0.25000000000000000                6
   7.8493386507034302       0.33336400985717773       0.25000000000000000                3
   3.4162145853042603       0.29821872711181641       0.25000000000000000               11
   3.5079622268676758        1.0210025310516357       0.25000000000000000               13
   3.2700842618942261        5.4681974649429321       0.25000000000000000               13
   9.5969432592391968        8.6074268817901611       0.25000000000000000                7
   2.7806675434112549       0.57763814926147461       0.25000000000000000               11
   7.4200880527496338        2.5547933578491211       0.25000000000000000                7
   5.8263146877288818       0.77067136764526367       0.25000000000000000                8
   5.9843820333480835        2.9951697587966919       0.25000000000000000                8
   6.9108253717422485        9.2493134737014771       0.25000000000000000                5
  0.56100606918334961        4.5850789546966553       0.25000000000000000               13
   2.4533075094223022        8.5923129320144653       0.25000000000000000               11
   6.7319834232330322        3.8278806209564209       0.25000000000000000               11
   7.2635746002197266        5.5031639337539673       0.25000000000000000                7
   3.8748711347579956        8.8718473911285400       0.25000000000000000               13
   2.7953147888183594        3.3410155773162842       0.25000000000000000               10
   1.9496428966522217        1.9381862878799438       0.25000000000000000               15
  0.36582291126251221        2.5833731889724731       0.25000000000000000               10
  0.21598637104034424        2.2271591424942017       0.25000000000000000               10
  0.51422595977783203        2.0470702648162842       0.25000000000000000               11
   2.1213555335998535        4.6118575334548950       0.25000000000000000               16
   9.0510249137878418E-002   3.3969521522521973       0.25000000000000000               10
   4.7072625160217285        7.6737701892852783       0.25000000000000000               14
   8.9772111177444458        2.1360814571380615       0.25000000000000000                4
  0.13660132884979248        4.1835790872573853       0.25000000000000000               13
   4.9201631546020508        1.3098990917205811       0.25000000000000000               13
   1.4510023593902588        5.5644136667251587       0.25000000000000000               17
   9.2536997795104980        9.9307459592819214       0.25000000000000000                5
  0.82728266716003418        4.5338034629821777       0.25000000000000000               14
   3.4206795692443848        7.6199805736541748       0.25000000000000000               13
   7.3703348636627197        6.9229257106781006       0.25000000000000000                8
  0.58442056179046631       0.45928239822387695       0.25000000000000000                6
   1.3391375541687012        3.3046185970306396       0.25000000000000000               16
   1.9416928291320801        3.7758153676986694       0.25000000000000000               18
   3.9433544874191284       0.98622798919677734       0.25000000000000000               13
   7.8198623657226562        7.5081175565719604       0.25000000000000000                9
   9.8437184095382690       0.41844725608825684       0.25000000000000000                2
   2.5067722797393799        5.8003270626068115       0.25000000000000000               13
   4.5967477560043335        9.0443247556686401       0.25000000000000000               13
   4.4465976953506470        7.4893903732299805       0.25000000000000000               12
   1.8120056390762329        3.3175081014633179       0.25000000000000000               19
   2.4803280830383301E-002  0.16344130039215088       0.25000000000000000                4
   4.5050257444381714        9.6694016456604004       0.25000000000000000                7
   4.5909959077835083        1.2451088428497314       0.25000000000000000               12
   2.1320104598999023        6.6639506816864014       0.25000000000000000               15
   3.1376594305038452        8.6943429708480835       0.25000000000000000               14
   7.1780097484588623        2.0898312330245972       0.25000000000000000                9
   6.9534778594970703E-002   1.1963331699371338       0.25000000000000000                7
   6.8418067693710327        6.7378556728363037       0.25000000000000000                8
