   1.7245032191276550        1.6667057275772095       0.12500000000000000               11
   5.3498625755310059E-002   2.3506386280059814       0.12500000000000000                7
  0.41011065244674683        2.6193877458572388       0.12500000000000000                9
  0.93597739934921265        1.4171120524406433       0.12500000000000000                8
  0.81559485197067261        2.9089096784591675       0.12500000000000000                4
  0.94455796480178833        1.2406813502311707       0.12500000000000000               10
   2.3476390242576599       0.47392916679382324       0.12500000000000000               10
   1.4175047278404236        1.9028080701828003       0.12500000000000000               11
   1.9041690230369568       0.78030252456665039       0.12500000000000000                9
   2.6412228941917419        2.0064647197723389       0.12500000000000000                8
   2.4570275545120239        1.0110091567039490       0.12500000000000000               10
   2.3191688060760498       0.58354389667510986       0.12500000000000000               12
  0.27199423313140869       0.64205825328826904       0.12500000000000000                8
  0.42251980304718018       0.13066309690475464       0.12500000000000000                3
   2.7066421508789062        7.9189002513885498E-002  0.12500000000000000                5
   2.8430222868919373        2.6203717589378357       0.12500000000000000                7
   4.4474601745605469E-002  0.48166859149932861       0.12500000000000000                6
   1.4524267315864563        2.8821229934692383E-002  0.12500000000000000                3
   1.8183667659759521        2.3231447339057922       0.12500000000000000               10
  0.94634985923767090        2.8976798057556152       0.12500000000000000                2
   2.0818385481834412        1.7298860549926758       0.12500000000000000                6
  0.30083531141281128        2.8171411156654358       0.12500000000000000                7
   1.6554209589958191        1.6424961090087891       0.12500000000000000               11
  0.28075575828552246        2.2255818843841553       0.12500000000000000                4
   2.0072881579399109        1.1342300176620483       0.12500000000000000                9
  0.73156964778900146        2.9163240194320679       0.12500000000000000                6
   1.2552673816680908       0.23720043897628784       0.12500000000000000                4
  0.44294375181198120       0.49341094493865967       0.12500000000000000                7
   1.5362060666084290        1.1109527349472046       0.12500000000000000                7
   2.5599340796470642       0.80632442235946655       0.12500000000000000               11
   2.6911731362342834        2.4907296895980835       0.12500000000000000                9
   1.3669572472572327        1.6984629034996033       0.12500000000000000                9
   2.4972283244132996        1.1922942996025085       0.12500000000000000               10
   2.7905280590057373        2.5241956114768982       0.12500000000000000                7
   2.6760753393173218       0.35744529962539673       0.12500000000000000                9
   1.2535586357116699        1.6656945347785950       0.12500000000000000               11
   1.9436711668968201       0.96209692955017090       0.12500000000000000                8
   2.5011820793151855        2.3816435337066650       0.12500000000000000               11
   2.0416143536567688        1.1160598397254944       0.12500000000000000                9
  0.47457879781723022        2.5913007259368896       0.12500000000000000                9
  0.44462013244628906       0.31746572256088257       0.12500000000000000                6
   2.3378929495811462        1.5779871940612793       0.12500000000000000                5
   1.2749775052070618        2.2676131725311279       0.12500000000000000                9
   1.7155698537826538        1.1687230467796326       0.12500000000000000                7
  0.11991459131240845        2.8029465079307556       0.12500000000000000                7
   2.1755747795104980       0.84746646881103516       0.12500000000000000               13
   2.9608406424522400        1.7492474913597107       0.12500000000000000                6
   2.3621978759765625        1.0344883203506470       0.12500000000000000                9
   1.3506174087524414E-002   2.8014966845512390       0.12500000000000000                6
   1.3790030479431152       0.59191060066223145       0.12500000000000000                2
  0.58703720569610596       0.90716564655303955       0.12500000000000000                9
   2.0074473023414612        2.2425842285156250       0.12500000000000000                8
   1.5870712995529175        1.9826851487159729       0.12500000000000000               13
   1.1773138046264648        1.8918635845184326       0.12500000000000000                7
   2.0822771787643433        1.8204349279403687       0.12500000000000000                7
   2.4011478424072266       0.46957468986511230       0.12500000000000000               11
   2.9569306969642639        1.6838101744651794       0.12500000000000000                6
  0.94022351503372192        1.0863168239593506       0.12500000000000000               10
   2.1218528151512146       0.47759914398193359       0.12500000000000000                8
   2.8291404247283936       0.77437251806259155       0.12500000000000000                4
   2.2772696614265442        2.3069179058074951       0.12500000000000000               10
  0.28919881582260132        2.7357888221740723       0.12500000000000000                8
   1.0863938927650452        7.1893393993377686E-002  0.12500000000000000                2
  0.38038158416748047       0.26570588350296021       0.12500000000000000                6
   2.6745779514312744       0.43685549497604370       0.12500000000000000                9
   2.3616265654563904       0.33493244647979736       0.12500000000000000               10
   5.7053983211517334E-002  0.61418920755386353       0.12500000000000000                6
   1.9616088867187500       0.14790219068527222       0.12500000000000000                4
  0.80109125375747681        1.2637431621551514       0.12500000000000000               10
  0.14720195531845093       0.92436254024505615       0.12500000000000000                6
   1.8752229809761047        2.0211489200592041       0.12500000000000000               12
   2.8293119072914124        2.4620459675788879       0.12500000000000000                8
  0.81161159276962280        2.2979582548141479       0.12500000000000000                4
   1.1375849246978760       0.95830696821212769       0.12500000000000000                8
  0.57195264101028442        1.0239071846008301       0.12500000000000000                9
  0.93152475357055664        1.8552428483963013       0.12500000000000000                6
   4.3151915073394775E-002   2.9668015837669373       0.12500000000000000                4
   2.4036337137222290        7.8474283218383789E-003  0.12500000000000000                6
  0.89439690113067627       0.80368459224700928       0.12500000000000000                7
  0.28602969646453857        1.2584983706474304       0.12500000000000000                4
   1.4967464804649353        1.8818053007125854       0.12500000000000000               10
   2.2609829306602478       0.67639678716659546       0.12500000000000000               13
   1.4270725250244141        2.4054073691368103       0.12500000000000000                6
   2.7143735289573669        2.2113892436027527       0.12500000000000000                9
   1.3986849188804626        2.5850415229797363       0.12500000000000000                4
   1.1348864436149597        1.1996229887008667       0.12500000000000000                9
   2.8794477581977844        1.4824034571647644       0.12500000000000000                6
  0.40631854534149170        2.0865594148635864       0.12500000000000000                3
   1.1440710425376892        1.2502250075340271       0.12500000000000000                8
   1.6151082515716553        5.9999585151672363E-002  0.12500000000000000                3
   2.7573323249816895        1.9210352897644043       0.12500000000000000                6
   2.1781280636787415        2.3631286025047302       0.12500000000000000                7
  0.63833498954772949        1.4121830463409424       0.12500000000000000                6
   2.5509486794471741        1.5076065659523010       0.12500000000000000                7
   2.1704104542732239        2.5525054335594177       0.12500000000000000                6
   1.3618388772010803        2.4697685837745667       0.12500000000000000                4
   2.7691519260406494        1.3508183956146240       0.12500000000000000                7
   2.6592516303062439        2.8289287090301514       0.12500000000000000                6
   2.5360643863677979        2.5266820192337036       0.12500000000000000               10
   1.6945629715919495        2.0413071513175964       0.12500000000000000               13
